Size:100
Time: = 0
Greedy solution:
 17 32 75 54 40 65 79 0 36 77 57 20 35 71 94 59 93 42 90 48 38 22 76 80 63 21 1 33 10 9 7 58 18 84 45 55 3 24 61 16 82 29 37 99 97 74 31 67 72 11 41 68 39 30 15 25 60 53 91 70 69 73 62 46 56 13 95 66 81 5 87 52 83 47 4 51 8 23 78 89 43 96 12 88 85 98 49 27 6 14 64 26 28 44 92 50 19 34 86 2
Coste: 172312
Time: = 0.024
Random solution cost: 180374
LocalSearch initializated with random solution :
 71 65 7 66 67 27 42 32 14 5 89 40 99 58 68 30 76 93 53 86 50 46 45 25 97 18 0 85 21 73 91 47 29 72 19 56 88 48 33 90 16 37 81 80 55 62 13 51 74 83 52 35 63 39 3 31 78 24 54 17 28 6 60 98 95 1 4 15 12 10 75 22 11 20 92 84 59 79 94 87 34 44 69 9 23 8 61 38 70 57 2 43 49 41 26 96 77 82 36 64
Cost: 153954
iterations: 5
Time: = 0.032
LocalSearch initializated with greedy solution :
 38 78 12 24 0 70 82 19 90 17 32 10 94 62 76 73 42 93 36 5 77 4 21 56 13 33 66 53 45 14 89 59 31 30 80 74 72 71 7 65 43 54 58 63 18 46 97 99 50 67 87 3 55 83 39 85 98 68 69 86 57 96 8 29 37 84 95 1 81 27 22 61 15 88 25 60 51 6 35 20 64 79 41 23 11 47 48 91 40 49 28 26 9 75 92 44 52 34 16 2
Cost: 154804
iterations: 4


Time: = 23.767
GenerationalPMX:
 0 79 27 51 12 47 99 4 77 43 71 2 86 78 98 25 89 57 81 6 41 48 1 63 11 76 93 14 28 50 67 42 68 70 34 88 24 75 37 9 31 56 13 66 10 49 18 22 84 39 92 46 7 16 21 94 91 85 54 69 40 3 23 62 95 45 97 15 17 90 80 96 38 35 83 5 72 55 44 33 73 36 60 52 19 65 32 74 87 53 58 64 26 30 20 59 8 61 82 29
Cost: 175506

Time: = 23.279
GenerationalPosition:
 19 89 59 0 17 53 63 76 96 98 60 27 54 69 56 10 72 58 31 62 34 82 11 90 64 75 6 83 46 5 93 4 79 74 49 50 14 99 1 36 51 37 16 84 26 39 28 40 3 23 67 81 85 45 20 88 22 78 91 43 8 80 66 38 52 7 92 77 70 12 48 65 33 29 13 68 47 97 57 2 24 94 15 25 32 55 18 9 42 35 61 87 44 71 30 41 73 95 21 86
Cost: 174914

Time: = 1.039
StationaryPMX:
 19 45 25 22 84 66 20 89 77 10 11 49 92 39 40 36 18 0 59 43 70 60 28 41 97 75 24 56 29 44 65 88 13 62 27 63 82 83 21 53 6 72 68 48 15 30 67 14 8 32 93 17 46 85 55 31 76 5 51 95 81 99 74 1 47 33 71 9 64 94 50 86 61 4 91 87 12 23 54 57 7 96 79 69 78 58 16 42 73 26 2 34 52 37 80 98 35 3 90 38
Cost: 167990

Time: = 1.038
StationaryPos:
 78 38 61 73 18 75 57 8 42 43 29 25 82 20 46 33 11 92 90 23 9 32 64 58 1 40 39 37 24 48 65 15 7 99 76 30 6 83 44 52 71 36 97 21 80 79 26 34 41 94 69 3 67 49 81 55 13 47 4 86 0 14 5 95 35 60 51 16 28 62 31 85 45 93 54 59 89 22 2 17 27 10 53 50 56 68 72 70 66 63 84 12 91 74 87 98 88 77 19 96
Cost: 170926

