Size:256
Time: = 0
Greedy solution:
 164 165 166 167 168 169 170 171 172 173 174 175 176 177 178 179 180 181 182 183 184 185 186 187 188 189 190 191 192 193 194 195 196 197 198 199 200 201 202 203 204 205 206 207 208 209 210 211 212 213 214 215 216 217 218 219 220 221 222 223 224 225 226 227 228 229 230 231 232 233 234 235 236 237 238 239 240 241 242 243 244 245 246 247 248 249 250 251 252 253 254 255 0 1 2 3 4 5 6 7 8 9 10 11 12 13 14 15 16 17 18 19 20 21 22 23 24 25 26 27 28 29 30 31 32 33 34 35 36 37 38 39 40 41 42 43 44 45 46 47 48 49 50 51 52 53 54 55 56 57 58 59 60 61 62 63 64 65 66 67 68 69 70 71 72 73 74 75 76 77 78 79 80 81 82 83 84 85 86 87 88 89 90 91 92 93 94 95 96 97 98 99 100 101 102 103 104 105 106 107 108 109 110 111 112 113 114 115 116 117 118 119 120 121 122 123 124 125 126 127 128 129 130 131 132 133 134 135 136 137 138 139 140 141 142 143 144 145 146 147 148 149 150 151 152 153 154 155 156 157 158 159 160 161 162 163
Coste: 98685678
Time: = 0.223
Random solution cost: 51657856
LocalSearch initializated with random solution :
 131 16 39 102 168 232 107 6 230 15 49 35 64 189 170 122 210 44 180 74 251 177 148 124 133 245 192 136 85 195 253 204 63 172 119 26 163 201 111 224 238 227 100 37 198 105 242 212 157 187 88 92 41 247 160 129 68 142 59 155 153 219 66 234 1 77 71 3 215 146 166 183 221 83 29 12 18 114 159 20 223 112 56 109 191 54 151 46 94 24 249 81 143 60 48 45 125 2 158 104 255 147 203 202 93 144 228 40 55 188 214 106 50 235 178 98 141 108 73 145 126 28 52 164 128 216 75 62 167 80 152 139 154 156 237 130 58 175 240 150 200 222 21 5 53 123 225 239 208 149 69 182 32 79 199 165 17 181 25 206 57 218 70 176 31 116 99 229 190 61 207 246 27 91 42 34 101 33 87 132 4 19 254 236 8 134 231 135 38 84 120 211 23 194 118 205 220 169 67 76 43 185 117 97 121 217 196 36 162 137 103 197 248 65 95 51 78 82 138 47 22 209 171 113 13 241 226 243 184 250 14 86 11 0 9 110 7 115 174 140 90 96 213 252 179 244 193 127 10 161 89 30 233 72 186 173
Cost: 44961832
iterations: 3
Time: = 0.224
LocalSearch initializated with greedy solution :
 82 171 65 90 69 92 73 80 100 120 109 112 61 54 239 126 118 58 50 130 132 140 135 41 32 145 154 175 36 44 163 111 149 105 176 103 168 180 97 188 22 30 186 190 18 178 26 166 143 137 193 198 183 67 200 75 203 195 205 222 63 71 237 227 13 210 157 215 24 78 217 115 220 208 123 39 213 1 240 242 3 244 5 246 232 249 234 11 7 252 86 15 20 245 236 233 231 253 207 235 9 247 16 212 248 225 250 14 255 226 221 228 223 229 6 230 241 2 251 4 243 10 12 224 202 206 199 196 204 191 211 194 192 214 201 209 8 219 21 167 218 19 187 23 216 31 29 238 169 184 170 40 46 38 174 173 47 185 0 181 172 42 28 70 52 25 56 72 62 48 49 79 66 60 81 83 84 17 27 179 87 74 89 160 91 76 53 95 189 77 98 68 59 99 102 158 51 122 106 107 164 108 110 94 96 113 64 85 116 101 57 119 88 121 34 165 124 117 93 127 128 33 114 37 131 133 134 151 136 104 138 139 129 141 142 43 55 144 146 177 148 182 197 150 152 35 153 155 156 125 45 159 254 161 162 147
Cost: 45015370
iterations: 3


Time: = 85.044
GenerationalPMX:
 221 194 8 163 150 60 152 242 125 255 132 23 14 181 114 81 145 83 196 35 147 7 214 36 100 4 222 93 52 79 49 112 186 215 17 80 230 109 90 157 142 253 59 119 154 138 108 0 113 203 235 9 171 135 57 182 50 223 228 245 212 200 13 71 166 72 63 102 209 30 131 1 47 159 10 226 45 172 68 120 189 76 168 115 232 141 6 151 153 213 94 43 128 51 144 208 180 177 21 244 139 44 183 111 130 37 218 248 46 22 66 237 161 198 192 129 54 162 89 207 174 187 86 117 155 197 28 184 65 32 179 29 211 118 85 95 25 252 48 216 92 110 185 165 146 58 116 87 24 239 99 175 241 26 246 38 160 249 18 67 210 98 62 42 96 143 64 191 74 91 53 201 2 190 202 97 240 254 84 217 11 167 149 101 247 12 140 243 236 61 238 107 40 229 27 170 77 137 88 70 19 234 103 20 41 158 106 75 231 123 16 73 33 233 164 148 34 5 127 193 224 78 195 133 124 220 173 178 121 225 250 82 105 56 205 136 39 169 69 55 219 227 251 122 206 126 188 104 3 15 204 134 199 176 156 31
Cost: 51386920

Time: = 76.256
GenerationalPosition:
 181 129 220 161 187 47 213 230 138 94 227 253 215 221 231 149 251 112 116 191 196 90 208 27 168 23 222 35 87 83 121 238 91 81 103 82 76 166 3 107 118 80 145 206 60 48 24 38 57 16 77 242 162 55 70 171 243 42 39 153 158 136 109 170 106 79 174 101 34 224 30 211 188 1 5 20 157 69 176 28 114 133 232 117 203 183 156 173 198 163 184 237 21 148 185 229 204 44 93 22 205 135 219 111 66 92 132 252 89 139 100 175 7 125 75 108 105 123 102 71 113 254 247 225 240 56 85 186 244 159 45 52 50 14 53 195 141 150 241 201 73 120 226 124 178 146 200 167 193 130 12 127 61 223 104 84 194 65 33 177 134 43 210 99 164 37 189 182 54 179 17 249 180 147 31 236 214 143 59 212 95 18 9 11 192 63 40 15 239 144 110 233 10 46 68 119 207 218 151 62 169 128 51 217 122 152 137 67 246 155 255 8 197 4 172 235 97 49 154 165 6 126 0 64 32 234 190 216 25 228 131 13 29 115 26 245 41 202 2 74 58 96 250 86 72 248 209 78 160 140 142 199 88 36 19 98
Cost: 51089332

Time: = 8.685
StationaryPMX:
 33 165 184 221 191 63 181 147 215 224 87 229 130 189 32 100 19 211 95 82 12 7 183 255 204 84 9 50 1 96 171 89 77 70 236 133 135 159 222 76 45 36 124 145 226 158 97 72 38 237 28 6 109 251 52 59 119 212 192 74 121 152 180 16 187 41 138 249 126 4 134 137 39 209 242 141 14 114 157 104 202 217 42 232 31 246 169 128 177 68 116 86 75 205 110 196 51 99 167 2 131 254 129 88 94 175 146 102 15 46 101 113 60 107 49 123 127 93 162 186 194 201 69 216 105 44 244 10 29 164 26 3 178 34 234 65 153 231 240 179 208 197 71 227 81 140 112 25 160 91 188 118 117 195 143 8 92 103 56 111 163 67 252 24 149 23 132 241 206 172 219 170 90 21 80 239 139 190 47 245 57 243 193 35 144 250 185 53 176 106 150 228 253 161 78 40 108 20 58 235 248 214 233 115 55 0 73 174 148 5 156 85 198 225 136 79 48 230 168 166 220 43 11 218 54 37 154 66 151 213 182 223 247 27 238 17 18 142 83 125 173 30 98 120 210 122 62 199 64 13 207 203 200 155 22 61
Cost: 47953312

Time: = 7.96
StationaryPos:
 248 248 248 248 248 248 248 248 248 248 248 248 248 248 248 248 248 248 248 248 248 248 248 248 248 248 248 248 248 248 248 248 248 248 248 248 248 248 248 248 248 248 248 248 248 248 248 248 248 248 248 248 248 248 248 248 248 248 248 248 248 248 248 248 248 248 248 248 248 248 248 248 248 248 248 248 248 248 248 248 248 248 248 248 248 248 248 248 248 248 248 248 248 248 248 248 102 248 248 248 248 248 248 248 102 248 248 248 248 248 248 248 248 248 248 102 248 248 248 248 248 248 248 248 248 248 248 248 248 248 248 248 248 248 248 248 248 248 248 248 248 248 248 248 248 248 248 248 248 248 248 248 248 248 248 248 248 248 248 248 248 248 248 248 248 248 248 248 248 248 248 248 248 248 248 248 248 248 248 248 248 248 248 248 248 248 248 248 248 248 248 248 248 248 248 248 248 248 248 248 248 248 248 248 248 248 248 248 248 248 248 248 248 248 248 248 248 248 248 248 248 248 248 248 248 248 248 248 248 248 248 248 248 248 248 248 248 248 248 248 248 248 248 248 248 248 248 248 248 248 248 248 248 248 248 248
Cost: 0

