NumThreads: 4
Size:256
Time: = 0
Greedy solution:
 164 165 166 167 168 169 170 171 172 173 174 175 176 177 178 179 180 181 182 183 184 185 186 187 188 189 190 191 192 193 194 195 196 197 198 199 200 201 202 203 204 205 206 207 208 209 210 211 212 213 214 215 216 217 218 219 220 221 222 223 224 225 226 227 228 229 230 231 232 233 234 235 236 237 238 239 240 241 242 243 244 245 246 247 248 249 250 251 252 253 254 255 0 1 2 3 4 5 6 7 8 9 10 11 12 13 14 15 16 17 18 19 20 21 22 23 24 25 26 27 28 29 30 31 32 33 34 35 36 37 38 39 40 41 42 43 44 45 46 47 48 49 50 51 52 53 54 55 56 57 58 59 60 61 62 63 64 65 66 67 68 69 70 71 72 73 74 75 76 77 78 79 80 81 82 83 84 85 86 87 88 89 90 91 92 93 94 95 96 97 98 99 100 101 102 103 104 105 106 107 108 109 110 111 112 113 114 115 116 117 118 119 120 121 122 123 124 125 126 127 128 129 130 131 132 133 134 135 136 137 138 139 140 141 142 143 144 145 146 147 148 149 150 151 152 153 154 155 156 157 158 159 160 161 162 163
Coste: 98685678
Time: = 0.228
Random solution cost: 54266208
LocalSearch initializated with random solution :
 150 164 135 77 12 181 162 90 32 132 63 29 109 72 98 107 57 193 36 126 152 113 15 102 240 39 46 94 10 210 24 196 222 121 179 27 225 92 145 140 246 158 189 70 66 172 51 249 2 232 251 128 167 199 19 7 175 64 217 204 236 176 117 111 229 227 42 244 239 219 75 155 254 187 207 87 184 104 81 5 53 169 138 22 214 202 147 60 34 17 115 84 208 185 205 233 255 33 139 67 16 122 250 95 190 228 220 43 112 85 133 1 21 156 11 178 198 35 47 100 25 124 123 137 183 38 144 93 99 188 218 58 80 127 148 221 76 215 54 18 9 41 174 154 23 40 96 143 182 248 243 31 89 48 73 242 61 106 44 200 3 62 50 235 8 161 26 206 253 71 118 231 129 157 13 55 91 68 83 237 82 238 134 88 74 201 28 30 6 0 59 191 120 180 226 223 125 212 136 49 234 119 241 203 146 153 103 173 114 247 149 177 105 160 110 78 197 20 195 230 192 45 97 166 216 86 168 65 224 130 211 141 252 131 194 14 56 101 163 4 52 79 209 165 213 142 108 69 159 116 171 151 170 245 186 37
Cost: 44917894
iterations: 3
Time: = 0.223
LocalSearch initializated with greedy solution :
 82 171 65 90 69 92 73 80 100 120 109 112 61 54 239 126 118 58 50 130 132 140 135 41 32 145 154 175 36 44 163 111 149 105 176 103 168 180 97 188 22 30 186 190 18 178 26 166 143 137 193 198 183 67 200 75 203 195 205 222 63 71 237 227 13 210 157 215 24 78 217 115 220 208 123 39 213 1 240 242 3 244 5 246 232 249 234 11 7 252 86 15 20 245 236 233 231 253 207 235 9 247 16 212 248 225 250 14 255 226 221 228 223 229 6 230 241 2 251 4 243 10 12 224 202 206 199 196 204 191 211 194 192 214 201 209 8 219 21 167 218 19 187 23 216 31 29 238 169 184 170 40 46 38 174 173 47 185 0 181 172 42 28 70 52 25 56 72 62 48 49 79 66 60 81 83 84 17 27 179 87 74 89 160 91 76 53 95 189 77 98 68 59 99 102 158 51 122 106 107 164 108 110 94 96 113 64 85 116 101 57 119 88 121 34 165 124 117 93 127 128 33 114 37 131 133 134 151 136 104 138 139 129 141 142 43 55 144 146 177 148 182 197 150 152 35 153 155 156 125 45 159 254 161 162 147
Cost: 45015370
iterations: 3


Time: = 94.768
GenerationalPMX:
 64 130 192 107 243 225 206 52 15 236 171 20 174 116 249 70 164 245 50 55 178 81 48 61 216 26 2 185 137 231 122 45 204 149 109 217 60 57 59 180 13 175 212 238 11 143 79 28 33 234 76 34 142 39 66 120 0 10 38 189 181 65 95 139 184 154 177 124 173 246 1 160 158 163 197 4 90 69 92 207 6 63 5 49 40 88 73 125 133 84 166 24 195 32 222 162 221 210 72 190 157 253 123 82 152 58 161 182 29 228 226 199 93 100 113 179 155 167 198 169 128 46 51 196 104 170 18 118 98 80 250 53 91 213 96 56 101 111 148 240 168 54 201 235 176 136 85 241 67 223 62 202 97 153 87 237 227 209 229 220 131 248 7 25 141 22 251 3 108 19 115 126 188 23 239 150 205 12 156 94 99 112 244 31 255 8 144 218 145 35 27 114 186 230 200 103 242 71 77 17 159 165 105 119 219 194 37 203 187 21 211 138 102 117 110 224 68 147 86 9 78 30 252 183 233 208 129 121 127 232 74 134 132 215 89 83 135 106 191 47 247 75 16 44 36 140 43 41 172 14 151 146 42 254 214 193
Cost: 52149592

Time: = 81.427
GenerationalPosition:
 242 150 30 141 135 240 7 125 81 62 188 208 38 152 37 131 159 217 73 26 32 161 113 83 213 183 72 196 4 178 68 110 116 151 92 33 167 232 226 21 105 186 107 212 246 43 247 163 96 8 67 126 194 237 108 124 70 59 28 76 156 195 100 153 169 1 146 235 24 236 128 119 3 14 34 214 117 80 189 190 120 95 202 160 104 154 89 79 66 85 115 147 77 63 231 2 106 224 46 253 91 13 78 136 102 42 44 74 227 133 130 11 87 17 27 165 149 97 211 39 157 173 51 174 118 49 215 148 209 210 192 203 230 45 36 187 145 142 88 90 193 144 170 158 200 222 251 199 254 57 143 0 101 60 155 175 111 99 140 35 206 184 53 248 75 245 6 71 191 94 18 98 114 244 25 65 47 64 220 9 176 109 41 55 129 180 162 19 205 138 10 238 168 221 22 15 177 228 252 40 84 20 225 121 52 164 54 229 219 243 82 204 23 201 16 197 103 56 216 134 127 198 137 132 223 207 93 218 61 31 123 185 249 12 122 139 181 250 5 241 29 86 69 182 255 171 112 233 48 234 179 58 239 166 50 172
Cost: 51882636

Time: = 9.503
StationaryPMX:
 175 53 187 36 179 190 86 98 227 156 152 250 219 67 229 7 178 28 107 233 217 136 149 124 43 0 34 105 147 118 30 50 60 119 23 183 111 144 5 207 42 71 176 12 204 158 221 214 180 246 31 93 81 196 193 75 123 73 184 165 100 2 110 132 115 58 255 8 197 157 235 130 239 56 202 226 80 224 19 232 113 237 127 79 170 11 167 62 154 225 38 84 142 97 10 37 32 3 129 213 96 182 4 134 205 1 87 189 145 74 138 101 162 85 159 230 212 231 253 203 95 54 59 41 25 66 195 29 117 69 133 47 206 192 228 122 244 188 245 121 99 17 61 211 143 201 174 15 216 128 251 70 14 141 48 40 208 39 181 94 191 163 63 16 27 26 254 103 248 169 194 52 108 6 243 171 148 247 198 90 166 151 44 173 72 172 49 155 146 242 57 45 218 241 106 51 9 109 114 164 33 153 77 160 200 125 83 238 210 89 139 91 186 55 24 131 92 35 234 161 135 249 68 126 120 215 13 82 252 220 168 150 177 199 46 140 102 222 137 209 64 78 112 20 18 22 223 236 65 76 116 21 240 185 88 104
Cost: 47980280

Time: = 9.944
StationaryPos:
 47 226 160 71 59 54 74 121 251 25 63 83 188 40 215 0 57 216 173 72 86 212 133 19 196 153 143 62 238 49 125 204 2 11 140 20 50 243 168 246 199 131 201 151 119 112 67 10 60 175 107 8 42 193 23 180 157 117 95 165 145 222 80 176 198 211 5 197 229 12 190 120 234 186 138 148 208 213 82 14 92 114 85 36 113 219 162 166 230 70 136 18 109 200 182 217 38 163 139 116 194 189 130 122 33 147 158 132 55 144 94 26 221 220 159 87 64 206 224 164 9 202 44 239 247 93 31 191 35 232 152 101 7 248 6 15 128 233 209 1 102 252 105 65 98 66 69 242 235 43 45 240 192 110 91 90 255 177 46 56 53 100 97 244 4 39 29 141 172 237 218 203 126 250 184 179 34 13 48 245 150 154 149 170 16 135 108 115 187 61 137 17 118 103 104 106 73 146 129 89 27 156 171 99 142 205 178 167 51 68 21 223 81 76 155 127 77 79 58 169 123 227 228 37 84 78 32 183 88 254 52 210 236 249 96 28 214 225 24 253 195 75 161 185 134 3 207 231 41 174 111 22 241 181 30 124
Cost: 49885840

