NumThreads: 4
Size:256
Time: = 0.004
Greedy solution:
 164 165 166 167 168 169 170 171 172 173 174 175 176 177 178 179 180 181 182 183 184 185 186 187 188 189 190 191 192 193 194 195 196 197 198 199 200 201 202 203 204 205 206 207 208 209 210 211 212 213 214 215 216 217 218 219 220 221 222 223 224 225 226 227 228 229 230 231 232 233 234 235 236 237 238 239 240 241 242 243 244 245 246 247 248 249 250 251 252 253 254 255 0 1 2 3 4 5 6 7 8 9 10 11 12 13 14 15 16 17 18 19 20 21 22 23 24 25 26 27 28 29 30 31 32 33 34 35 36 37 38 39 40 41 42 43 44 45 46 47 48 49 50 51 52 53 54 55 56 57 58 59 60 61 62 63 64 65 66 67 68 69 70 71 72 73 74 75 76 77 78 79 80 81 82 83 84 85 86 87 88 89 90 91 92 93 94 95 96 97 98 99 100 101 102 103 104 105 106 107 108 109 110 111 112 113 114 115 116 117 118 119 120 121 122 123 124 125 126 127 128 129 130 131 132 133 134 135 136 137 138 139 140 141 142 143 144 145 146 147 148 149 150 151 152 153 154 155 156 157 158 159 160 161 162 163
Coste: 98685678
correct Solution: 1
Time: = 0.163
Random solution cost: 52996764
LocalSearch initializated with random solution :
 235 4 232 217 41 1 230 252 15 78 96 115 74 204 24 81 183 237 39 33 211 170 176 109 180 200 239 245 64 132 10 194 61 158 120 95 187 50 16 197 68 100 189 254 202 88 35 135 105 138 153 168 141 249 242 166 54 63 149 146 175 127 85 225 98 163 156 59 103 161 207 129 43 92 118 56 124 37 228 215 83 71 18 46 22 7 13 28 222 107 144 208 185 112 53 148 122 97 31 123 173 45 133 151 209 102 190 67 80 126 128 130 238 224 145 150 5 36 172 91 171 60 77 181 42 19 113 134 90 184 196 3 223 178 20 243 12 121 236 40 162 201 216 65 29 108 73 87 142 203 111 27 152 62 219 213 72 253 79 241 49 0 6 251 52 160 119 76 21 186 101 206 47 17 30 233 58 182 106 177 110 212 51 255 84 23 66 226 89 86 248 198 82 9 140 14 38 55 155 169 193 136 2 104 32 199 70 137 174 57 139 247 205 75 26 34 147 11 240 227 191 218 94 69 125 246 195 244 131 93 116 229 165 99 192 221 48 179 143 234 167 154 25 214 44 8 157 250 220 164 117 188 231 210 114 159
Cost: 45047056
iterations: 1
correct Solution: 1
Time: = 0.223
LocalSearch initializated with greedy solution :
 82 171 65 90 69 92 73 80 100 120 109 112 61 54 239 126 118 58 50 130 132 140 135 41 32 145 154 175 36 44 163 111 149 105 176 103 168 180 97 188 22 30 186 190 18 178 26 166 143 137 193 198 183 67 200 75 203 195 205 222 63 71 237 227 13 210 157 215 24 78 217 115 220 208 123 39 213 1 240 242 3 244 5 246 232 249 234 11 7 252 86 15 20 245 236 233 231 253 207 235 9 247 16 212 248 225 250 14 255 226 221 228 223 229 6 230 241 2 251 4 243 10 12 224 202 206 199 196 204 191 211 194 192 214 201 209 8 219 21 167 218 19 187 23 216 31 29 238 169 184 170 40 46 38 174 173 47 185 0 181 172 42 28 70 52 25 56 72 62 48 49 79 66 60 81 83 84 17 27 179 87 74 89 160 91 76 53 95 189 77 98 68 59 99 102 158 51 122 106 107 164 108 110 94 96 113 64 85 116 101 57 119 88 121 34 165 124 117 93 127 128 33 114 37 131 133 134 151 136 104 138 139 129 141 142 43 55 144 146 177 148 182 197 150 152 35 153 155 156 125 45 159 254 161 162 147
Cost: 45015370
iterations: 2
correct Solution: 1


Time: = 77.486
GenerationalPMX:
 87 81 135 130 239 234 35 189 11 123 69 111 49 242 147 33 61 243 223 22 249 47 5 200 217 74 177 187 79 126 7 101 252 91 118 182 172 68 155 93 67 4 230 170 89 247 14 244 137 51 112 190 196 169 180 138 132 213 159 220 26 3 8 45 205 142 149 139 119 104 210 179 167 27 19 162 214 32 154 211 116 240 255 148 120 113 107 197 84 109 173 59 44 222 28 96 186 143 183 34 82 114 160 136 12 63 98 1 245 248 127 66 99 9 145 65 152 231 192 253 208 18 215 23 140 164 36 58 92 254 41 60 158 232 156 115 100 110 188 134 228 237 57 72 70 203 128 153 62 251 193 13 46 85 43 0 221 52 10 29 125 133 202 86 71 117 235 150 129 151 30 241 199 238 212 165 73 224 195 141 37 50 166 204 191 171 76 48 15 233 163 207 226 17 53 201 21 102 54 105 103 25 175 174 88 178 31 42 55 95 20 161 146 121 246 24 108 97 216 38 77 157 40 185 227 176 106 225 209 218 75 90 16 83 198 64 206 131 229 184 2 168 236 194 94 122 144 56 80 181 78 6 39 219 124 250
Cost: 51577848
correct Solution: 1

Time: = 76.031
GenerationalPosition:
 250 60 153 133 119 117 95 138 177 57 31 2 225 13 14 3 102 229 248 178 88 83 195 52 123 114 110 172 221 90 187 159 173 69 168 182 46 22 184 70 191 252 194 109 129 68 214 218 212 56 74 72 222 204 247 220 125 162 61 112 32 143 71 40 64 55 93 18 165 176 135 5 36 190 196 62 207 150 155 200 199 50 58 244 47 9 122 67 185 180 226 198 183 140 215 224 116 149 65 43 236 188 12 59 251 0 101 232 17 19 157 27 237 8 89 137 76 134 234 30 245 120 132 24 181 51 144 211 49 118 66 228 97 242 38 246 53 160 151 202 193 147 146 6 223 197 158 41 171 219 175 96 166 78 84 86 128 170 45 25 111 106 205 103 241 238 80 54 108 44 253 141 136 82 206 131 239 121 139 33 167 227 233 39 115 127 35 75 63 152 235 100 231 189 42 28 240 34 217 87 203 4 21 29 148 169 179 208 163 154 91 174 124 16 7 254 209 99 104 213 10 201 161 23 73 216 37 142 81 26 255 1 85 15 105 186 113 20 107 249 243 210 79 164 126 130 156 98 145 11 230 92 94 192 77 48
Cost: 51562566
correct Solution: 1

Time: = 3.674
StationaryPMX:
 198 63 149 240 58 9 1 78 155 163 72 220 80 146 183 237 22 103 45 152 109 205 251 153 2 4 223 196 87 50 67 42 33 228 184 233 174 14 231 121 138 81 188 216 177 60 203 127 247 255 110 178 105 99 49 166 82 202 144 134 131 172 161 191 253 27 118 244 46 90 154 112 53 217 40 20 235 208 117 54 212 245 159 100 48 75 209 69 140 225 23 108 106 206 62 226 59 32 242 74 151 254 51 0 204 173 61 15 239 55 213 44 79 122 7 10 56 84 158 246 171 94 38 47 135 86 224 111 5 21 156 143 93 248 133 139 185 137 116 85 250 65 57 236 189 16 34 165 197 157 107 25 120 141 83 113 241 102 234 6 92 164 193 221 215 104 148 181 76 73 218 17 95 147 136 201 19 199 28 35 101 167 211 123 168 170 126 219 115 145 18 3 243 210 125 119 132 24 96 70 114 169 68 200 160 214 179 30 207 186 229 37 238 124 252 26 190 232 128 36 187 129 194 52 41 11 182 77 39 192 230 91 64 29 88 66 89 162 8 227 97 98 12 142 176 150 43 31 195 249 13 130 71 175 222 180
Cost: 48673312
correct Solution: 1

Time: = 4.034
StationaryPos:
 241 143 237 83 16 91 138 18 92 186 52 251 234 70 253 109 219 21 67 148 198 177 147 34 44 141 196 121 245 165 6 27 81 192 23 142 139 59 75 48 87 236 231 39 113 210 129 153 61 173 179 172 244 238 49 123 116 247 144 187 51 224 226 151 82 73 8 214 19 163 85 200 225 38 46 204 206 78 119 9 80 152 150 115 183 25 32 156 190 160 250 63 218 240 132 125 178 99 64 174 106 90 58 88 2 242 217 94 168 118 69 216 189 162 96 97 89 104 180 140 41 74 60 215 28 176 194 105 185 169 79 255 57 4 136 212 24 170 248 145 208 3 157 131 72 15 29 43 213 232 114 166 161 209 14 77 229 71 66 84 235 239 93 233 37 95 228 220 149 182 184 56 243 54 188 127 12 249 246 55 111 154 227 197 117 164 135 175 193 159 201 45 1 130 36 203 124 40 5 254 223 191 65 76 86 134 107 202 22 31 158 62 103 112 120 195 199 17 167 20 33 102 211 126 53 30 221 110 26 155 47 252 50 230 137 0 146 68 128 122 13 10 108 205 35 98 7 133 222 207 100 171 181 101 42 11
Cost: 49700732
correct Solution: 1

Time: = 2396.83
MEMETIC 10 0.1 false:
 190 134 167 242 106 1 207 71 10 159 255 201 251 132 227 18 68 113 50 220 27 56 128 31 237 152 208 214 155 98 170 218 33 41 142 205 130 138 117 194 73 60 229 179 35 75 162 181 149 246 21 85 164 225 177 77 102 38 12 88 58 46 119 212 172 108 233 121 216 79 125 184 53 29 157 160 222 115 199 7 48 80 14 4 248 111 83 24 94 187 123 65 13 43 23 64 45 8 63 70 99 114 69 54 40 26 136 243 103 92 97 219 47 180 203 109 198 93 129 192 39 186 185 175 25 6 100 86 9 148 169 168 81 76 202 32 188 236 95 19 90 213 196 52 250 84 15 144 62 239 139 57 116 110 154 91 156 145 224 176 66 228 163 0 11 3 223 133 254 249 20 182 34 235 107 200 124 82 118 197 101 72 137 150 247 55 193 67 96 234 189 244 211 166 232 17 59 126 104 51 165 112 161 30 141 174 210 191 135 42 5 252 78 204 61 183 131 2 195 28 241 122 36 206 215 44 171 217 238 22 37 120 173 230 151 140 89 240 143 178 253 226 87 221 158 209 147 16 127 153 146 49 245 74 231 105
Cost: 44943658
correct Solution: 1

Time: = 2145.66
MEMETIC 10 0,1 true:
 15 92 237 207 241 189 78 152 49 140 177 13 75 32 2 132 127 125 245 169 34 227 180 252 73 6 61 123 222 220 101 99 254 82 64 249 162 247 95 186 118 46 137 174 159 197 52 84 96 149 235 157 194 58 86 67 54 199 209 172 10 63 19 43 90 39 201 130 28 4 103 145 113 71 135 17 224 41 110 147 212 154 230 232 218 160 37 203 182 24 105 167 138 20 248 121 136 170 166 217 168 146 202 246 3 97 98 42 59 114 144 38 21 210 30 183 128 150 163 33 57 89 190 178 35 68 175 153 106 80 31 244 91 184 120 211 109 215 171 214 70 47 5 14 88 216 83 133 111 117 112 51 72 126 223 108 9 94 77 141 234 253 191 60 200 176 251 0 7 188 179 107 161 193 102 50 164 238 205 233 87 12 69 40 79 45 129 221 36 250 76 236 55 226 155 25 228 1 219 8 27 48 124 81 231 142 156 85 204 131 53 158 139 213 74 151 115 185 22 239 181 240 62 104 65 119 192 11 173 18 23 187 198 122 208 243 100 134 143 56 196 255 44 148 116 29 229 26 165 206 225 93 16 66 242 195
Cost: 45028654
correct Solution: 1

Time: = 18928
MEMETIC 10 1 false:
 202 170 129 164 86 216 81 182 27 207 139 114 239 231 251 133 254 40 9 2 225 111 131 108 150 12 101 44 240 49 173 156 197 104 219 42 118 20 177 59 187 204 214 63 69 190 179 66 78 17 122 211 35 137 167 233 89 91 208 116 245 152 199 243 83 30 185 144 52 236 61 32 228 15 55 74 175 248 93 221 143 6 135 37 23 162 126 64 141 72 194 112 136 60 205 77 79 255 201 57 192 125 142 73 16 206 67 119 203 34 212 210 54 62 217 242 80 43 33 99 138 36 109 222 134 241 180 159 232 48 25 174 10 249 68 140 106 244 188 113 117 3 94 96 18 13 71 11 103 95 155 58 168 14 238 252 0 84 120 181 132 198 200 178 195 65 176 51 41 4 160 158 165 215 19 163 171 98 235 237 110 169 56 157 147 250 100 92 29 24 26 102 223 166 184 7 224 186 154 149 90 146 115 220 130 124 193 189 75 70 88 97 105 153 227 246 196 8 253 85 31 21 121 191 47 50 87 230 39 1 46 172 76 53 128 148 145 5 45 38 209 234 127 183 218 107 22 82 226 161 247 28 229 123 151 213
Cost: 44939458
correct Solution: 1

