DATA: ./bin/data/lipa90b.dat
NumThreads: 4
Size:90
Time: = 0.074
BMB solution:
 17 56 20 82 64 8 85 77 5 89 79 24 76 55 35 65 78 28 2 37 63 40 84 41 60 68 18 83 47 36 88 9 19 46 34 52 21 54 29 69 30 15 25 75 22 45 11 1 74 33 59 81 27 12 31 26 58 3 62 87 13 16 44 86 50 48 38 72 6 70 42 39 57 43 71 73 61 23 0 14 66 67 4 53 10 49 32 80 51 7
Coste: 15195997
correct Solution: 1

Time: = 0.035
ES solution:
 49 63 75 31 79 41 60 87 73 82 89 30 35 13 76 34 43 55 16 36 27 44 6 46 3 72 23 7 56 33 61 48 26 62 70 66 86 22 78 71 47 54 12 2 29 57 8 5 24 84 40 53 10 28 14 15 32 25 11 59 1 68 17 81 21 88 85 64 52 37 67 74 42 19 39 83 20 0 38 51 80 45 4 69 58 65 77 9 50 18
Coste: 15198429
correct Solution: 1

Time: = 0.166
ILS solution:
 22 59 70 3 30 14 80 41 62 27 39 86 12 13 2 82 7 84 44 73 9 51 55 11 1 19 6 79 60 56 74 23 83 85 25 66 29 35 76 28 54 37 78 75 20 10 4 47 45 42 5 26 43 49 31 0 46 21 53 64 15 48 57 61 33 65 18 50 40 69 32 34 17 87 72 52 68 16 89 63 24 77 8 58 38 36 81 71 88 67
Coste: 15242020
correct Solution: 1

Time: = 0.95
ILS_ES solution:
 48 49 69 60 18 13 6 24 57 8 0 54 2 12 51 26 75 7 67 1 27 33 53 44 88 47 74 77 15 46 40 5 25 21 52 85 62 61 3 30 65 32 66 4 79 31 10 68 82 89 56 36 83 35 17 16 70 84 58 59 55 11 64 78 72 86 14 41 43 38 71 50 80 9 81 63 37 39 28 87 20 19 22 34 73 76 23 45 42 29
Coste: 15214831
correct Solution: 1

Time: = 4.846
GRASP solution:
 50 82 5 16 52 84 68 89 75 78 81 58 69 38 0 13 30 9 27 37 43 71 24 36 29 12 74 25 28 3 44 26 18 39 22 70 10 57 17 1 79 34 33 8 55 7 31 67 63 47 76 64 19 6 66 20 21 40 4 51 62 77 59 42 15 80 73 41 11 61 2 72 49 56 35 83 86 48 53 87 60 23 45 32 65 46 14 54 88 85
Coste: 15327519
correct Solution: 1

Time Total: = 6.074
