DATA: ./bin/data/sko100e.dat
NumThreads: 4
Size:100
Time: = 0.147
BMB solution:
 99 48 17 80 23 6 7 71 49 60 2 76 65 31 43 58 74 27 32 52 8 84 77 47 19 67 35 55 26 40 25 30 42 86 46 3 70 90 18 61 39 36 95 24 22 79 10 9 63 97 53 0 57 41 13 94 59 50 54 73 75 5 92 82 11 93 89 69 68 20 12 28 1 81 88 91 98 78 38 33 56 16 72 96 21 66 51 83 29 62 64 15 34 45 37 4 87 14 44 85
Coste: 153760
correct Solution: 1

Time: = 0.053
ES solution:
 12 38 34 4 56 15 14 87 60 64 2 53 39 51 16 28 86 84 80 99 94 30 24 95 63 1 74 77 17 76 8 3 48 61 42 55 69 71 6 31 21 36 11 81 13 96 54 19 35 40 82 59 41 93 88 47 90 70 67 58 25 18 89 75 91 10 27 49 32 62 92 57 22 46 98 72 9 79 52 37 5 26 68 20 78 43 45 50 7 66 73 29 97 83 33 65 0 44 23 85
Coste: 151598
correct Solution: 1

Time: = 0.234
ILS solution:
 38 20 83 0 68 78 29 18 62 60 99 56 75 25 61 63 33 69 40 52 28 24 95 97 31 21 90 10 32 85 53 42 11 81 91 13 26 71 54 44 48 41 89 88 55 27 43 70 23 49 17 22 82 1 96 19 98 74 7 50 45 57 65 86 93 47 46 72 6 58 77 67 76 84 3 80 9 79 35 66 8 2 92 30 36 59 16 51 87 37 5 39 94 34 12 73 14 4 15 64
Coste: 152258
correct Solution: 1

Time: = 1.049
ILS_ES solution:
 92 12 8 5 73 57 29 30 4 60 34 39 2 21 48 36 3 14 84 15 38 53 25 22 59 46 18 26 51 50 82 41 61 11 93 98 47 55 9 0 83 75 33 81 88 65 89 67 7 35 95 42 78 96 91 43 74 27 49 23 56 24 10 13 28 69 86 19 71 52 68 63 31 1 17 54 90 32 6 80 94 97 16 77 76 72 70 58 99 40 64 20 79 45 87 85 66 44 37 62
Coste: 150428
correct Solution: 1

Time: = 7.953
GRASP solution:
 52 60 26 2 41 46 42 56 61 38 40 50 71 54 98 88 53 90 18 44 58 22 49 13 8 11 59 69 25 70 32 9 55 5 84 75 92 10 34 51 27 14 57 67 39 86 89 97 33 21 73 4 48 74 96 82 95 24 29 78 30 3 47 19 93 81 12 16 20 83 99 35 65 28 91 1 63 94 68 62 85 7 6 36 66 79 77 87 17 45 80 15 23 43 76 0 72 31 64 37
Coste: 155966
correct Solution: 1

Time Total: = 9.44
