DATA: ./bin/data/sko100c.dat
NumThreads: 4
Size:100
Time: = 0.135
BMB solution:
 75 63 70 37 15 17 55 86 64 0 68 73 79 85 53 48 51 20 6 65 45 95 30 33 83 98 2 92 34 62 94 4 13 99 24 82 84 90 9 32 28 31 1 21 35 91 87 12 14 23 36 54 60 11 46 18 97 49 8 76 25 59 10 39 58 41 29 47 96 19 5 3 74 44 16 42 77 67 72 26 69 43 81 78 40 80 57 50 22 27 61 38 71 88 89 56 93 52 66 7
Coste: 151102
correct Solution: 1

Time: = 0.051
ES solution:
 61 93 3 72 26 46 35 5 36 63 89 71 38 23 31 95 4 59 25 68 88 81 10 74 28 43 99 79 69 75 85 56 1 60 49 30 13 16 73 45 66 22 50 90 97 52 33 82 18 94 7 9 92 87 47 67 57 80 29 54 98 6 76 14 24 34 53 51 15 78 64 8 32 96 44 41 21 58 55 39 27 20 19 2 91 83 48 37 70 11 62 0 65 42 12 40 84 77 17 86
Coste: 149192
correct Solution: 1

Time: = 0.272
ILS solution:
 27 50 80 98 23 74 43 71 61 88 66 22 57 49 26 89 1 56 81 93 7 52 9 72 90 85 60 10 46 3 76 67 8 6 87 30 16 99 31 38 0 47 92 29 51 33 82 4 59 95 64 97 34 14 18 53 13 73 79 68 65 55 20 32 24 41 83 15 28 5 96 78 39 44 42 48 91 40 35 69 19 84 12 2 58 21 54 37 25 36 62 86 77 17 11 94 70 45 75 63
Coste: 149426
correct Solution: 1

Time: = 0.992
ILS_ES solution:
 63 36 5 69 73 68 38 93 71 61 75 25 45 28 79 59 46 3 81 88 70 54 41 35 4 99 31 60 74 89 37 21 33 53 13 95 30 10 56 85 11 2 94 51 15 82 90 1 6 9 17 58 91 48 83 18 16 32 87 20 42 96 40 24 34 14 23 92 98 7 77 39 19 47 29 49 8 76 22 64 12 84 44 55 80 97 67 50 43 66 86 78 62 65 57 26 72 52 0 27
Coste: 148896
correct Solution: 1

Time: = 8.453
GRASP solution:
 52 50 70 67 49 47 59 71 72 75 69 43 3 55 60 10 93 74 95 68 88 61 1 18 30 46 16 45 31 4 77 82 17 87 79 81 25 36 29 99 11 96 58 76 28 73 34 13 15 38 39 9 8 14 92 90 83 5 23 57 94 54 48 37 97 35 91 80 21 24 12 42 19 20 6 51 41 33 32 44 63 64 84 85 22 53 89 2 98 40 27 0 86 56 66 7 65 62 26 78
Coste: 155594
correct Solution: 1

Time Total: = 9.909
