DATA: ./bin/data/sko100a.dat
NumThreads: 4
Size:100
Time: = 0.224
BMB solution:
 75 44 6 35 47 45 69 19 2 32 87 40 58 37 99 3 71 80 7 89 86 59 91 39 21 42 63 50 46 65 57 31 68 25 76 67 33 66 27 14 52 85 55 83 98 97 56 30 29 5 49 60 1 18 13 93 81 62 73 10 61 78 11 24 92 95 12 74 94 70 22 82 34 15 4 8 53 84 43 36 41 38 20 51 23 88 0 72 90 77 28 9 16 48 79 54 26 96 17 64
Coste: 155356
correct Solution: 1

Time: = 0.04
ES solution:
 9 75 44 57 6 69 87 34 64 2 16 49 28 22 20 11 61 35 79 26 52 91 47 55 60 3 38 81 23 92 41 96 37 54 94 80 73 4 88 43 48 1 98 51 84 15 95 13 8 77 63 33 24 59 25 12 29 53 74 10 72 50 31 39 99 21 46 45 62 89 40 66 0 68 97 42 30 56 27 83 86 71 18 85 58 76 65 67 90 5 17 82 78 93 32 7 70 19 36 14
Coste: 154732
correct Solution: 1

Time: = 0.195
ILS solution:
 86 40 71 50 65 5 89 27 14 32 57 16 6 39 69 99 42 58 68 7 28 91 48 72 46 25 76 97 67 85 41 47 88 37 29 21 30 66 18 93 22 63 55 80 84 45 95 51 49 20 75 52 35 33 60 3 24 31 59 87 44 9 81 94 13 74 73 53 15 10 2 83 1 11 8 98 62 4 12 61 34 92 23 19 79 54 56 78 82 38 64 17 96 90 43 26 0 77 36 70
Coste: 155644
correct Solution: 1

Time: = 1.212
ILS_ES solution:
 64 57 86 9 41 83 28 40 16 2 20 49 59 71 66 27 44 47 52 75 65 32 7 39 72 99 37 91 35 6 67 93 58 68 97 25 55 60 23 92 18 42 85 50 51 88 45 11 48 34 14 24 21 74 95 84 22 46 69 17 5 76 15 33 53 29 81 63 1 79 0 87 31 73 30 56 80 3 90 96 78 10 61 94 4 62 13 98 19 26 36 82 38 12 8 54 89 70 43 77
Coste: 154286
correct Solution: 1

Time: = 11.723
GRASP solution:
 2 34 69 44 11 47 40 35 6 75 49 61 22 99 45 37 71 98 91 28 57 86 81 46 60 1 55 68 50 52 64 73 65 95 25 84 29 3 63 16 87 27 67 85 97 51 66 33 39 54 41 20 74 58 21 7 92 80 72 9 36 14 53 8 15 88 30 94 59 48 82 38 93 0 18 13 56 31 42 43 70 32 78 4 76 24 62 19 12 89 17 90 5 83 10 79 23 96 26 77
Coste: 155092
correct Solution: 1

Time Total: = 13.397
