DATA: ./bin/data/sko100d.dat
NumThreads: 4
Size:100
Time: = 0
Greedy solution:
 12 35 66 76 71 90 36 53 44 52 41 81 65 51 68 13 70 82 93 60 61 19 5 34 94 45 39 77 47 14 31 21 80 87 27 91 43 4 26 32 17 57 49 63 23 9 37 2 1 59 73 20 83 86 55 88 48 97 58 25 56 40 50 64 78 29 89 92 10 74 18 98 7 28 99 8 85 15 38 30 0 24 54 16 11 22 67 62 72 33 6 69 3 96 42 46 79 95 75 84
Coste: 168740
correct Solution: 1

Time: = 0.007
Random solution cost: 175998
LocalSearch initializated with random solution :
 71 70 77 52 83 61 53 65 60 84 38 10 8 37 94 5 29 15 44 69 64 42 14 22 19 78 49 9 62 0 40 93 68 63 99 17 92 16 48 59 30 28 45 4 39 97 1 47 91 6 12 81 31 89 87 46 23 25 98 3 96 36 82 43 13 21 56 67 55 95 24 85 73 80 2 32 88 11 34 66 41 79 18 51 86 57 27 26 54 50 74 33 35 20 90 7 72 58 76 75
Cost: 155478
iterations: 10000
correct Solution: 1

Time: = 0.007
LocalSearch initializated with greedy solution :
 35 65 3 4 60 57 90 53 32 73 61 58 51 83 68 89 91 25 21 44 19 7 9 42 27 76 17 46 28 12 22 93 87 99 80 26 55 97 1 52 24 40 43 86 54 45 92 36 34 96 50 98 82 37 29 23 88 5 70 71 56 31 49 11 94 13 20 10 64 14 41 81 78 63 39 77 67 8 38 30 18 79 2 15 48 85 72 95 47 74 6 75 0 59 66 62 69 16 33 84
Cost: 156208
iterations: 10000
correct Solution: 1


Time: = 0.731
GenerationalPMX:
 60 87 58 71 94 78 11 24 15 98 35 4 42 37 90 89 6 20 51 5 72 29 82 67 57 47 36 63 74 18 76 73 93 95 70 43 7 86 53 25 31 91 61 99 75 1 46 45 27 59 26 81 50 16 79 56 9 83 39 80 52 22 66 23 44 92 49 96 10 3 0 84 55 69 13 28 32 8 77 38 14 68 48 85 19 88 12 41 40 64 97 65 30 54 34 2 21 62 17 33
Cost: 172032
Generations: 2367
correct Solution: 1

Time: = 0.702
GenerationalPosition:
 61 34 38 77 67 33 25 32 40 21 44 14 12 95 26 76 37 98 17 78 45 88 90 62 52 86 48 81 89 5 47 75 39 96 72 73 71 3 27 91 29 53 11 46 22 74 43 23 56 84 54 31 99 57 35 97 70 8 19 58 64 94 18 93 79 68 60 87 59 15 36 30 10 83 82 28 51 2 63 16 4 85 66 9 1 55 80 65 13 7 69 6 50 92 24 49 41 42 0 20
Cost: 173258
Generations: 2376
correct Solution: 1

Time: = 0.658
StationaryPMX:
 30 18 54 1 32 88 33 79 93 40 74 0 57 48 69 23 5 85 64 42 20 34 11 29 22 75 27 8 76 14 13 95 87 89 16 44 90 28 50 21 98 7 80 37 39 86 94 10 15 45 92 70 49 63 82 24 41 46 77 60 4 12 99 31 81 96 26 66 83 55 58 51 56 35 62 47 52 17 78 38 71 73 97 59 61 68 6 2 25 65 84 43 91 19 72 36 9 3 53 67
Cost: 172730
correct Solution: 1

Time: = 2.315
StationaryPos:
 53 76 95 89 98 52 23 6 10 80 93 35 63 65 85 58 50 1 72 81 73 9 94 55 39 87 36 45 26 75 77 38 29 86 48 56 19 70 97 5 91 42 82 84 47 37 12 92 90 0 49 46 54 78 61 30 99 88 32 3 16 24 66 21 8 44 60 11 74 25 33 71 31 20 62 68 64 67 4 34 18 2 13 51 40 14 41 96 7 59 69 43 15 28 79 22 27 17 83 57
Cost: 170610
correct Solution: 1

Time: = 0.027
MEMETIC 10 0.1 false:
 69 11 62 57 76 23 58 90 33 75 44 34 7 55 86 94 27 88 66 0 26 12 91 89 54 39 50 48 21 59 25 8 28 1 37 77 83 87 65 92 4 16 15 43 51 9 29 35 2 32 47 96 61 10 68 99 63 24 80 60 84 5 95 53 19 49 78 82 17 3 56 71 38 64 67 97 40 45 22 73 18 30 31 13 70 98 42 93 85 14 6 41 20 79 46 52 36 72 74 81
Cost: 155518
correct Solution: 1

Time: = 0.089
MEMETIC 10 0,1 true:
 52 3 80 53 7 24 29 50 57 72 21 42 35 37 63 78 40 45 82 75 65 39 73 32 15 88 99 83 66 85 26 23 90 27 89 87 77 58 59 74 47 97 9 54 4 43 49 2 86 51 36 98 20 67 1 76 94 48 31 41 25 70 91 28 13 34 62 11 18 33 46 12 38 71 8 64 22 93 79 81 61 5 17 55 10 19 68 56 95 96 84 44 69 92 30 14 16 60 6 0
Cost: 155156
correct Solution: 1

Time: = 0.947
MEMETIC 10 1 false:
 1 52 36 67 98 21 82 81 96 75 61 24 43 50 65 73 29 83 48 0 31 78 39 49 94 11 34 57 3 59 40 99 55 58 63 91 7 68 66 95 10 15 62 23 86 97 45 72 88 60 93 19 51 9 89 5 37 80 35 2 41 54 20 79 71 46 22 27 74 92 53 4 64 26 77 13 32 90 85 76 42 70 38 8 28 25 47 87 16 33 6 44 18 56 30 12 69 17 14 84
Cost: 155220
correct Solution: 1

Time Total: = 5.491
