DATA: ./bin/data/sko100b.dat
NumThreads: 4
Size:100
Time: = 0.144
BMB solution:
 24 76 42 55 48 44 37 75 22 29 58 10 14 98 82 35 65 99 17 40 31 27 38 67 96 34 57 84 73 33 47 3 95 52 4 16 72 8 62 90 56 25 85 39 45 18 43 6 59 46 78 86 7 30 53 80 61 70 63 26 13 88 97 94 11 89 41 9 64 91 81 12 28 74 19 66 69 51 32 87 15 2 92 0 21 49 83 1 93 60 54 36 23 20 68 5 71 77 50 79
Coste: 156960
correct Solution: 1

Time: = 0.054
ES solution:
 30 53 90 22 26 69 91 29 60 79 42 74 14 89 70 57 59 17 71 46 55 52 48 72 84 75 62 63 8 83 10 31 67 35 37 65 87 61 1 77 27 25 3 44 16 9 32 99 82 33 13 94 58 98 18 73 6 34 49 54 56 97 95 85 96 4 28 41 92 36 88 86 38 11 80 45 21 12 23 2 24 78 7 81 19 0 66 64 51 93 76 15 47 39 40 43 20 5 50 68
Coste: 155854
correct Solution: 1

Time: = 0.341
ILS solution:
 87 88 15 39 42 78 24 55 47 76 52 30 95 25 67 27 10 3 31 40 54 13 94 7 14 85 97 81 58 56 50 12 19 18 9 6 96 66 73 38 5 86 4 80 92 32 28 45 34 17 68 37 53 23 16 82 44 51 64 93 21 11 49 0 41 43 65 98 33 2 72 74 61 35 62 63 75 48 57 36 77 71 59 89 8 20 1 99 46 83 91 69 26 70 22 84 60 29 90 79
Coste: 156818
correct Solution: 1

Time: = 1.002
ILS_ES solution:
 60 93 71 23 68 12 50 69 30 76 79 74 51 83 49 88 5 91 77 17 29 75 66 1 15 94 53 26 72 59 42 22 89 35 2 41 18 70 61 43 14 20 0 25 80 7 64 39 63 46 8 92 11 65 4 19 9 45 32 6 82 28 48 81 34 3 97 57 62 99 54 44 21 96 67 95 16 85 37 38 55 13 98 84 36 47 52 73 33 56 24 10 31 58 86 27 78 90 87 40
Coste: 155242
correct Solution: 1

Time: = 8.374
GRASP solution:
 87 91 26 12 59 70 69 33 77 54 78 90 53 61 52 32 84 16 74 62 17 30 9 63 73 6 89 99 37 8 56 46 94 3 97 18 10 25 0 20 39 50 27 95 85 67 13 71 42 55 40 88 72 43 41 4 35 65 75 44 47 7 45 51 96 1 48 11 82 22 15 86 57 66 80 19 98 31 14 29 24 5 38 64 28 34 49 21 92 60 76 68 36 58 2 81 83 23 93 79
Coste: 157250
correct Solution: 1

Time Total: = 9.92
