DATA: ./bin/data/sko56.dat
NumThreads: 4
Size:56
Time: = 0
Greedy solution:
 2 1 25 7 12 46 30 18 53 6 13 54 5 17 33 14 39 43 49 26 35 32 45 50 47 27 19 4 28 11 36 41 34 10 3 8 23 22 52 48 20 16 44 21 55 29 24 42 37 40 0 31 51 9 15 38
Coste: 41330
correct Solution: 1

Time: = 0.002
Random solution cost: 43390
LocalSearch initializated with random solution :
 18 39 34 17 46 13 14 30 53 9 12 43 41 23 16 40 38 6 35 28 32 22 50 37 47 51 55 4 8 11 54 42 33 3 19 36 52 26 21 44 24 7 49 31 29 1 5 45 20 15 0 10 48 27 25 2
Cost: 35706
iterations: 5600
correct Solution: 1

Time: = 0.001
LocalSearch initializated with greedy solution :
 14 2 27 53 46 34 18 40 42 25 54 16 30 13 17 48 5 37 23 32 35 50 12 41 45 26 31 49 28 4 43 39 44 19 52 22 29 55 8 9 1 3 21 7 10 11 6 51 20 15 24 0 36 47 33 38
Cost: 35886
iterations: 3136
correct Solution: 1


Time: = 0.376
GenerationalPMX:
 32 17 1 27 22 37 15 28 34 44 18 25 21 2 36 10 46 30 42 0 23 43 52 29 31 35 8 49 38 11 55 7 33 3 50 48 40 4 54 14 16 51 6 5 12 26 45 13 9 47 39 24 19 41 53 20
Cost: 40992
Generations: 2372
correct Solution: 1

Time: = 0.342
GenerationalPosition:
 46 16 34 22 1 14 36 7 49 0 50 45 17 20 39 18 23 33 47 26 48 27 8 21 52 54 4 9 30 29 53 10 3 15 51 42 28 5 12 19 2 6 43 32 35 40 38 13 37 41 31 24 44 11 25 55
Cost: 41496
Generations: 2372
correct Solution: 1

Time: = 0.582
StationaryPMX:
 47 21 33 13 52 29 17 46 14 51 36 7 18 34 44 38 16 0 39 43 1 55 3 42 49 2 27 8 22 35 50 11 53 4 31 54 48 9 5 15 37 6 40 12 26 28 32 45 20 41 23 24 10 30 19 25
Cost: 41150
correct Solution: 1

Time: = 1.47
StationaryPos:
 45 39 48 29 5 1 37 15 2 14 34 13 10 41 25 27 23 44 40 30 20 11 42 8 6 35 31 26 54 43 46 12 53 21 7 52 4 17 16 22 51 3 55 24 19 0 9 47 33 18 50 49 32 36 38 28
Cost: 40414
correct Solution: 1

Time: = 0.021
MEMETIC 10 0.1 false:
 48 41 29 55 10 0 1 20 2 51 8 27 7 36 6 15 12 43 13 54 11 26 3 24 37 35 28 23 52 19 5 25 46 9 22 32 49 21 45 44 34 17 40 4 47 31 33 30 18 39 50 53 38 16 14 42
Cost: 35044
correct Solution: 1

Time: = 0.021
MEMETIC 10 0,1 true:
 18 44 53 11 1 55 34 41 24 6 23 7 10 17 35 12 20 3 5 54 28 29 43 8 14 30 21 32 4 22 51 9 15 25 19 49 27 36 52 37 16 33 47 26 31 38 13 39 45 42 0 40 46 50 48 2
Cost: 36306
correct Solution: 1

Time: = 0.03
MEMETIC 10 1 false:
 22 34 35 50 9 18 16 53 37 39 28 32 7 19 47 14 12 17 55 4 23 5 25 38 41 29 51 8 54 49 33 24 43 10 13 52 3 11 1 45 48 6 46 36 21 26 44 30 2 31 27 40 0 15 42 20
Cost: 35996
correct Solution: 1

Time Total: = 2.85
