DATA: ./bin/data/sko64.dat
NumThreads: 4
Size:64
Time: = 0.005
Greedy solution:
 8 55 32 61 2 48 26 35 60 41 5 37 53 42 33 34 52 25 4 54 39 10 50 19 18 21 57 15 3 12 22 36 29 38 43 16 23 51 0 58 7 47 6 20 44 1 62 46 56 31 24 27 63 28 40 9 30 49 59 45 13 17 11 14
Coste: 56962
correct Solution: 1

Time: = 0.013
Random solution cost: 58282
LocalSearch initializated with random solution :
 19 54 50 22 43 7 60 14 63 38 15 39 6 1 32 29 4 46 47 31 37 56 52 26 45 35 18 51 44 58 10 53 28 9 61 48 57 24 16 55 5 59 27 3 23 20 2 42 62 41 21 12 25 13 40 30 17 8 36 0 34 49 33 11
Cost: 51554
iterations: 4096
correct Solution: 1

Time: = 0.006
LocalSearch initializated with greedy solution :
 32 38 39 4 37 11 9 46 53 47 19 31 10 5 42 29 55 36 44 27 61 3 33 40 6 22 0 54 12 23 41 26 58 50 45 15 63 21 2 48 56 25 43 16 51 20 52 60 1 49 24 57 7 18 13 14 30 34 59 28 17 62 8 35
Cost: 51390
iterations: 4096
correct Solution: 1


Time: = 0.531
GenerationalPMX:
 24 52 10 18 23 46 33 48 35 2 9 8 57 1 25 0 26 51 6 13 19 28 17 22 41 31 53 40 34 32 21 36 55 16 12 44 15 7 39 62 38 58 56 27 63 54 50 49 42 14 47 3 4 29 59 43 45 37 20 60 5 61 11 30
Cost: 56952
Generations: 2375
correct Solution: 1

Time: = 0.404
GenerationalPosition:
 49 8 54 44 0 6 33 63 25 9 29 51 4 11 52 41 2 58 15 13 57 42 12 38 26 60 40 35 39 14 37 46 34 20 16 10 43 45 17 59 3 47 1 5 18 23 21 31 32 30 22 7 61 50 53 27 19 48 28 24 55 36 56 62
Cost: 56742
Generations: 2383
correct Solution: 1

Time: = 0.395
StationaryPMX:
 36 55 28 54 57 3 46 33 29 63 51 60 38 1 4 24 8 34 17 48 11 59 10 14 37 49 42 62 13 47 5 35 23 0 2 56 41 6 43 53 9 16 19 39 45 61 26 12 50 44 21 27 22 15 40 31 32 18 58 52 30 7 25 20
Cost: 57318
correct Solution: 1

Time: = 0.964
StationaryPos:
 30 28 48 13 6 41 25 17 46 20 61 24 44 63 12 49 14 56 43 36 55 8 34 53 26 37 58 39 29 57 16 51 1 5 50 11 7 32 47 45 2 22 23 10 38 21 59 62 9 52 3 4 54 33 15 19 42 60 40 18 31 0 27 35
Cost: 56348
correct Solution: 1

Time: = 0.022
MEMETIC 10 0.1 false:
 8 60 57 21 41 24 36 56 51 13 48 23 12 20 58 30 17 62 44 3 0 43 34 1 55 28 9 15 63 52 16 49 45 50 19 54 37 22 6 32 35 5 46 38 61 7 25 33 11 59 4 39 27 31 2 53 26 42 29 47 18 10 40 14
Cost: 49494
correct Solution: 1

Time: = 0.022
MEMETIC 10 0,1 true:
 59 29 56 44 6 58 19 61 17 31 53 46 62 16 34 24 30 39 4 38 15 1 32 36 55 22 51 5 3 23 20 21 45 28 50 12 63 43 0 49 35 60 42 37 48 57 13 47 26 2 10 27 54 25 7 18 14 11 40 33 9 52 41 8
Cost: 50940
correct Solution: 1

Time: = 0.045
MEMETIC 10 1 false:
 29 11 28 62 48 18 46 50 35 26 63 45 54 47 37 42 17 59 4 39 38 27 5 31 8 51 25 22 19 7 10 9 13 57 43 15 3 61 52 60 55 0 16 32 12 23 1 53 58 44 20 6 24 21 56 2 34 49 33 36 41 40 30 14
Cost: 50380
correct Solution: 1

Time Total: = 2.418
