DATA: ./bin/data/sko72.dat
NumThreads: 4
Size:72
Time: = 0.102
BMB solution:
 57 44 56 50 39 8 37 29 33 4 18 43 70 41 54 6 9 55 47 67 38 15 65 48 58 0 31 23 40 19 5 62 32 12 46 51 53 14 68 35 42 45 64 13 2 61 71 3 24 49 22 21 27 25 10 63 16 60 36 28 26 20 1 11 17 7 66 30 59 34 69 52
Coste: 68092
correct Solution: 1

Time: = 0.029
ES solution:
 11 34 7 9 55 50 41 53 44 59 1 26 37 28 43 56 39 33 30 13 46 51 27 25 8 67 23 63 20 22 6 48 70 54 47 10 66 69 29 0 42 15 19 65 3 17 16 60 12 38 5 61 18 24 49 36 58 45 62 32 35 14 71 52 21 64 31 2 40 68 57 4
Coste: 67328
correct Solution: 1

Time: = 0.085
ILS solution:
 44 67 39 57 14 18 24 4 68 23 50 10 56 54 41 65 47 53 33 35 43 70 8 5 3 61 71 2 40 19 15 60 42 36 62 38 51 31 0 37 48 58 12 32 49 1 20 28 6 22 64 45 66 16 46 25 27 13 9 21 29 30 7 11 63 55 59 34 26 69 17 52
Coste: 67612
correct Solution: 1

Time: = 0.728
ILS_ES solution:
 10 30 17 26 28 66 63 59 11 55 24 61 60 29 8 27 69 33 53 7 65 38 15 43 67 25 23 47 18 3 16 56 70 54 9 22 44 49 42 5 58 48 0 37 6 71 68 36 35 45 39 32 20 1 4 14 62 64 12 41 21 13 34 2 52 57 19 40 50 31 46 51
Coste: 67498
correct Solution: 1

Time: = 3.157
GRASP solution:
 53 66 6 32 59 67 15 22 23 57 18 8 5 0 38 19 29 26 47 70 21 45 48 65 31 69 33 39 43 62 42 37 58 12 27 28 68 71 49 54 64 61 60 13 55 7 14 36 35 16 3 40 24 2 44 4 50 56 9 17 63 46 25 11 52 41 34 20 30 1 51 10
Coste: 69786
correct Solution: 1

Time Total: = 4.104
