DATA: ./bin/data/tai256c.dat
NumThreads: 4
Size:256
Time: = 0
Greedy solution:
 164 165 166 167 168 169 170 171 172 173 174 175 176 177 178 179 180 181 182 183 184 185 186 187 188 189 190 191 192 193 194 195 196 197 198 199 200 201 202 203 204 205 206 207 208 209 210 211 212 213 214 215 216 217 218 219 220 221 222 223 224 225 226 227 228 229 230 231 232 233 234 235 236 237 238 239 240 241 242 243 244 245 246 247 248 249 250 251 252 253 254 255 0 1 2 3 4 5 6 7 8 9 10 11 12 13 14 15 16 17 18 19 20 21 22 23 24 25 26 27 28 29 30 31 32 33 34 35 36 37 38 39 40 41 42 43 44 45 46 47 48 49 50 51 52 53 54 55 56 57 58 59 60 61 62 63 64 65 66 67 68 69 70 71 72 73 74 75 76 77 78 79 80 81 82 83 84 85 86 87 88 89 90 91 92 93 94 95 96 97 98 99 100 101 102 103 104 105 106 107 108 109 110 111 112 113 114 115 116 117 118 119 120 121 122 123 124 125 126 127 128 129 130 131 132 133 134 135 136 137 138 139 140 141 142 143 144 145 146 147 148 149 150 151 152 153 154 155 156 157 158 159 160 161 162 163
Coste: 98685678
correct Solution: 1

Time: = 0.175
Random solution cost: 52996764
LocalSearch initializated with random solution :
 235 4 232 217 41 1 230 252 15 78 96 115 74 204 24 81 183 237 39 33 211 170 176 109 180 200 239 245 64 132 10 194 61 158 120 95 187 50 16 197 68 100 189 254 202 88 35 135 105 138 153 168 141 249 242 166 54 63 149 146 175 127 85 225 98 163 156 59 103 161 207 129 43 92 118 56 124 37 228 215 83 71 18 46 22 7 13 28 222 107 144 208 185 112 53 148 122 97 31 123 173 45 133 151 209 102 190 67 80 126 128 130 238 224 145 150 5 36 172 91 171 60 77 181 42 19 113 134 90 184 196 3 223 178 20 243 12 121 236 40 162 201 216 65 29 108 73 87 142 203 111 27 152 62 219 213 72 253 79 241 49 0 6 251 52 160 119 76 21 186 101 206 47 17 30 233 58 182 106 177 110 212 51 255 84 23 66 226 89 86 248 198 82 9 140 14 38 55 155 169 193 136 2 104 32 199 70 137 174 57 139 247 205 75 26 34 147 11 240 227 191 218 94 69 125 246 195 244 131 93 116 229 165 99 192 221 48 179 143 234 167 154 25 214 44 8 157 250 220 164 117 188 231 210 114 159
Cost: 45047056
iterations: 65536
correct Solution: 1

Time: = 0.16
LocalSearch initializated with greedy solution :
 82 171 49 90 85 92 72 80 100 120 109 112 61 53 239 126 118 58 50 130 132 140 151 41 32 145 154 175 36 44 163 111 149 105 160 103 168 180 97 172 22 30 186 190 18 178 26 166 143 137 193 198 183 67 200 75 203 195 205 207 63 71 237 227 13 210 157 215 24 78 217 115 220 208 123 39 213 1 240 242 3 244 5 246 232 249 234 11 7 252 86 15 20 245 236 233 231 253 222 235 9 247 16 212 248 225 250 14 255 226 221 228 223 229 6 230 241 2 251 4 243 10 12 224 202 206 199 196 204 191 211 194 192 214 201 209 8 219 21 167 218 19 187 23 216 31 29 238 169 184 170 40 46 38 174 173 47 185 0 181 188 42 28 70 52 25 56 73 62 48 65 79 66 60 81 83 84 17 27 179 87 74 89 176 91 76 54 95 189 77 98 68 59 99 102 158 51 122 106 107 164 108 110 94 96 113 64 69 116 101 57 119 88 121 34 165 124 117 93 127 128 33 114 37 131 133 134 135 136 104 138 139 129 141 142 43 55 144 146 177 148 182 197 150 152 35 153 155 156 125 45 159 254 161 162 147
Cost: 45179504
iterations: 65536
correct Solution: 1


Time: = 47.589
GenerationalPMX:
 149 119 79 28 93 232 242 34 66 224 53 116 83 189 246 12 235 22 172 201 227 88 95 17 193 106 57 113 247 38 40 29 85 238 125 105 62 2 70 45 32 180 165 124 21 152 80 154 128 65 137 213 59 87 251 163 142 196 112 173 48 190 19 24 97 9 126 168 185 15 55 103 35 6 255 60 214 160 210 181 101 236 254 26 91 109 187 84 134 178 186 144 107 76 158 234 110 127 192 222 239 99 118 30 54 122 170 121 42 252 3 156 27 44 86 64 102 155 47 123 114 1 72 223 182 226 71 69 174 7 162 131 133 167 0 49 25 4 231 179 212 135 138 225 81 111 61 148 205 58 161 108 191 240 89 219 233 221 218 120 100 199 98 77 31 208 143 11 18 96 75 82 33 211 228 164 74 200 78 241 217 171 50 198 20 245 206 10 43 16 248 90 141 159 177 92 139 207 176 68 52 195 175 244 202 197 183 216 220 166 157 41 67 132 117 184 115 14 204 51 146 150 73 169 136 8 230 23 151 37 203 46 250 237 13 253 63 5 39 243 229 56 94 140 209 130 147 145 153 215 249 188 129 36 104 194
Cost: 50328212
Generations: 2420
correct Solution: 1

Time: = 3.288
GenerationalPosition:
 177 244 56 160 242 71 65 235 157 79 22 3 106 68 39 138 195 84 42 206 103 6 158 152 90 98 47 239 30 33 1 153 116 81 31 232 146 10 38 220 11 129 111 245 34 209 120 229 187 143 114 52 212 221 124 222 180 199 74 250 224 59 64 123 117 172 201 174 63 150 248 240 5 110 108 186 234 50 76 169 87 181 89 53 125 166 67 132 130 208 233 151 237 216 162 12 214 134 155 97 243 28 78 18 45 161 254 204 43 144 226 20 9 46 148 4 197 178 19 140 54 109 168 188 102 213 27 231 7 36 173 88 238 205 185 94 73 137 13 57 170 193 122 171 80 142 118 191 99 104 100 135 77 179 8 163 190 17 145 83 51 225 184 154 0 136 48 203 70 194 198 164 35 165 72 69 247 255 219 101 37 241 66 246 105 252 141 107 227 23 217 156 121 147 96 112 202 176 182 228 119 95 249 253 44 92 149 128 16 14 127 223 85 32 82 200 133 62 183 210 175 24 29 131 49 41 2 196 60 192 91 113 15 230 159 167 25 40 126 55 236 58 218 26 61 21 139 86 211 115 215 189 207 251 93 75
Cost: 51023516
Generations: 2407
correct Solution: 1

Time: = 10.264
StationaryPMX:
 134 84 133 129 54 246 212 170 13 62 168 225 96 78 141 209 192 227 173 98 149 4 91 65 21 184 25 229 104 203 151 10 195 93 251 159 49 186 85 107 217 11 255 18 73 177 158 87 139 82 153 248 59 94 231 142 233 72 147 154 42 109 111 243 30 80 214 122 61 137 206 16 113 167 47 222 181 79 218 52 210 197 1 23 35 165 45 26 146 118 116 216 90 213 211 81 24 202 131 220 101 40 189 120 144 228 38 179 36 60 43 239 74 12 163 123 182 145 140 88 95 157 86 97 238 183 200 15 117 169 125 48 219 164 5 180 254 226 245 53 132 205 185 28 75 76 174 83 33 39 51 68 126 194 32 230 20 69 191 108 136 46 115 27 176 2 19 152 105 215 64 190 155 58 207 138 156 172 171 237 31 249 148 162 224 178 150 71 235 161 250 236 223 196 102 166 55 234 110 56 17 112 3 89 119 253 175 188 37 0 244 241 130 29 204 221 77 8 240 143 63 14 7 114 100 232 41 201 67 199 57 247 121 160 92 127 187 193 135 6 50 70 34 22 99 198 128 242 208 9 124 106 44 252 103 66
Cost: 49898794
correct Solution: 1

Time: = 4.181
StationaryPos:
 203 7 227 127 165 197 141 36 48 119 114 52 12 27 207 85 176 105 93 71 191 208 178 77 213 107 53 101 240 16 8 56 160 31 167 66 21 19 142 228 210 132 88 217 133 124 221 231 147 42 109 238 173 196 230 137 29 200 83 50 75 182 38 252 144 28 174 11 47 59 247 120 22 224 79 81 171 145 253 62 249 117 204 156 9 236 183 3 57 186 179 113 181 51 111 254 72 106 226 159 184 49 46 250 14 149 241 148 242 158 0 24 192 44 168 95 78 248 164 91 155 30 20 67 125 97 6 23 209 128 74 153 98 100 25 194 73 239 58 99 232 63 157 26 130 122 136 92 43 243 244 86 80 146 76 175 135 246 140 251 1 172 245 90 177 222 4 189 121 34 32 61 234 33 115 70 198 187 103 169 37 89 60 188 118 2 219 68 166 218 151 201 215 150 216 237 206 143 65 193 185 212 18 202 126 255 199 55 110 45 129 96 233 163 220 225 84 154 180 94 123 40 13 170 54 161 87 35 17 131 15 162 10 152 116 108 82 139 104 229 190 138 214 211 41 195 223 102 39 134 205 69 112 5 235 64
Cost: 49703294
correct Solution: 1

Time: = 0.5
MEMETIC 10 0.1 false:
 140 26 108 213 8 154 76 19 28 173 171 194 205 63 45 202 41 36 30 230 97 196 192 249 91 200 191 11 168 222 164 185 217 125 183 22 247 244 71 198 114 56 59 158 49 177 188 68 150 119 219 101 2 32 135 162 78 93 137 239 147 116 129 226 143 15 241 89 74 112 104 66 99 254 181 86 5 53 111 234 211 209 237 133 39 80 232 252 17 51 122 160 253 128 73 240 55 175 54 159 95 127 187 75 52 14 100 90 216 79 245 255 42 210 113 236 4 12 167 148 98 224 195 67 144 57 203 145 228 193 82 21 197 110 248 109 16 251 223 174 62 47 142 126 152 132 25 225 184 190 131 40 117 20 103 155 92 170 77 134 94 0 231 186 246 46 199 44 38 105 35 23 69 233 27 178 242 120 212 6 83 227 161 163 102 243 115 24 70 34 72 221 3 218 166 18 1 172 106 169 189 58 180 9 204 215 81 118 182 238 151 85 61 138 179 139 220 208 29 250 201 50 229 130 176 37 121 165 214 107 65 87 13 207 60 31 153 235 88 33 141 96 136 84 64 7 43 149 206 156 157 123 10 146 124 48
Cost: 44972226
correct Solution: 1

Time: = 0.476
MEMETIC 10 0,1 true:
 108 93 112 170 48 174 47 70 111 139 130 116 76 122 65 145 61 11 207 133 147 208 202 213 157 90 153 165 15 1 44 189 231 185 228 16 142 78 136 125 159 97 180 59 199 85 53 99 252 73 220 7 103 82 25 68 160 187 105 172 216 150 210 5 56 233 250 80 167 88 20 182 42 177 22 235 242 118 225 34 51 237 222 246 29 248 39 254 240 195 162 3 41 6 23 40 21 67 238 176 30 181 45 193 244 58 50 255 43 57 64 74 183 102 13 247 120 27 32 212 36 52 196 138 156 194 19 26 190 161 215 178 126 234 188 143 35 135 236 86 101 10 89 211 115 124 100 249 113 204 152 72 127 95 71 140 96 104 14 28 94 168 98 232 110 171 243 149 155 12 163 217 223 241 184 134 9 224 63 201 137 192 141 66 62 31 203 158 17 221 146 200 129 253 206 119 77 79 191 186 106 151 117 226 239 8 109 37 198 46 123 91 128 205 175 132 114 38 219 179 154 218 230 197 173 69 24 81 92 214 75 227 107 49 54 148 60 164 166 121 229 4 87 131 2 18 209 144 55 251 84 83 33 0 169 245
Cost: 44955336
correct Solution: 1

Time: = 4.17
MEMETIC 10 1 false:
 101 111 151 6 94 168 37 30 170 92 81 118 247 137 200 24 115 178 166 163 90 245 10 54 176 67 232 185 113 237 155 241 64 45 159 105 174 35 84 57 198 47 254 215 122 196 75 50 230 27 228 103 69 141 207 149 211 109 16 60 20 3 33 128 218 226 15 172 189 124 235 88 39 249 224 62 252 98 181 13 146 187 132 71 18 126 161 209 120 42 222 204 31 205 32 251 0 125 206 188 197 11 253 202 58 244 233 165 14 199 145 56 210 135 173 100 72 148 112 191 87 203 208 104 121 107 1 65 158 61 229 144 216 143 26 19 23 152 2 167 89 220 28 213 96 29 8 91 116 99 51 74 217 133 9 212 140 186 164 156 136 82 238 162 227 139 177 182 95 83 48 66 169 142 119 153 184 80 131 21 183 102 79 76 97 78 234 239 85 219 59 12 194 150 225 180 179 4 70 147 193 40 73 175 157 44 106 123 127 195 68 250 41 34 7 25 160 22 214 129 53 201 55 5 17 242 171 154 223 236 49 221 246 108 248 77 117 190 243 93 38 231 240 130 43 52 46 110 138 255 192 114 36 86 134 63
Cost: 44927294
correct Solution: 1

Time Total: = 70.827
