DATA: ./bin/data/tai50b.dat
NumThreads: 4
Size:50
Time: = 0.04
BMB solution:
 18 12 23 43 37 46 8 5 14 25 19 4 40 13 16 24 11 29 17 2 47 20 3 26 36 22 33 31 10 30 48 42 15 21 9 45 49 28 6 7 39 1 44 38 32 34 27 0 41 35
Coste: 469170294
correct Solution: 1

Time: = 0.02
ES solution:
 20 33 48 44 41 36 11 30 22 5 10 3 37 26 31 35 28 6 49 4 43 2 8 7 14 13 39 18 0 32 34 38 25 47 12 40 45 23 19 9 24 21 15 42 29 17 16 27 46 1
Coste: 496870657
correct Solution: 1

Time: = 0.03
ILS solution:
 3 20 27 41 5 24 48 45 28 44 1 26 30 6 22 39 37 11 34 33 43 13 8 18 4 31 32 14 7 2 0 49 38 35 9 17 36 23 25 12 16 21 15 29 19 42 40 47 10 46
Coste: 476658366
correct Solution: 1

Time: = 0.513
ILS_ES solution:
 36 26 46 33 19 30 23 2 20 10 48 22 47 31 3 8 18 13 14 43 7 1 28 0 32 44 35 6 27 45 49 24 41 5 11 38 4 25 9 21 42 29 37 39 15 34 17 16 40 12
Coste: 487161221
correct Solution: 1

Time: = 0.733
GRASP solution:
 41 35 37 9 17 44 8 24 5 13 29 28 18 14 11 48 2 33 30 49 34 6 43 38 39 1 0 27 45 7 32 15 40 21 25 16 31 19 23 22 26 4 12 47 3 36 42 10 46 20
Coste: 491435810
correct Solution: 1

Time Total: = 1.339
