DATA: ./bin/data/tai50b.dat
NumThreads: 4
Size:50
Time: = 0.009
Greedy solution:
 14 3 39 33 41 15 23 29 9 28 6 5 20 11 36 43 47 12 8 26 10 38 49 45 48 37 35 7 24 34 40 44 27 0 30 17 2 16 1 4 32 31 18 21 25 13 42 19 46 22
Coste: 788404422
correct Solution: 1

Time: = 0.017
Random solution cost: 753233724
LocalSearch initializated with random solution :
 13 5 6 1 28 22 37 11 26 27 45 31 33 3 20 32 2 0 7 46 34 25 19 38 39 23 10 35 47 49 36 30 42 48 43 24 14 41 29 9 40 12 4 15 21 17 16 18 44 8
Cost: 538900999
iterations: 2500
correct Solution: 1

Time: = 0.007
LocalSearch initializated with greedy solution :
 1 45 3 11 19 33 24 20 44 28 22 27 6 31 23 47 25 36 26 41 43 48 5 35 49 10 30 46 39 38 34 2 42 0 9 32 13 37 17 21 40 16 12 15 18 7 4 14 29 8
Cost: 485357394
iterations: 4750
correct Solution: 1


Time: = 0.869
GenerationalPMX:
 41 36 40 48 31 21 15 6 32 47 2 18 5 11 12 9 45 17 10 39 30 46 20 38 7 0 26 16 33 22 3 34 25 37 49 8 44 1 24 43 4 35 19 23 28 42 27 13 14 29
Cost: 693126600
Generations: 2942
correct Solution: 1

Time: = 0.707
GenerationalPosition:
 15 46 33 10 26 40 14 30 43 16 12 7 17 18 9 41 31 49 24 38 39 48 4 34 5 11 1 44 13 37 35 42 22 3 27 6 47 2 29 8 25 32 19 36 0 20 21 23 28 45
Cost: 700765878
Generations: 2942
correct Solution: 1

Time: = 0.399
StationaryPMX:
 33 18 29 1 9 7 36 17 44 13 10 43 28 15 37 42 32 41 47 16 27 14 22 39 8 40 25 21 11 12 4 30 34 48 0 2 24 19 31 35 20 3 6 49 26 38 45 5 46 23
Cost: 658975660
correct Solution: 1

Time: = 0.464
StationaryPos:
 30 26 34 24 3 25 1 12 15 16 20 39 28 9 46 22 8 44 42 38 17 11 33 23 37 10 27 31 36 48 47 43 7 2 45 35 14 6 4 49 40 29 21 19 13 32 18 5 0 41
Cost: 647654208
correct Solution: 1

Time: = 0.026
MEMETIC 10 0.1 false:
 10 47 6 19 46 29 23 45 5 48 28 36 37 27 25 3 31 20 22 11 34 35 44 38 39 1 43 41 49 24 17 30 13 26 8 0 40 33 12 18 16 32 14 2 4 42 7 21 9 15
Cost: 478641904
correct Solution: 1

Time: = 0.03
MEMETIC 10 0,1 true:
 3 12 47 7 5 38 13 26 22 8 39 14 25 37 16 21 23 15 9 30 4 48 10 40 18 20 36 33 31 2 34 17 11 29 41 0 19 32 35 6 27 49 44 24 1 45 43 42 46 28
Cost: 510954932
correct Solution: 1

Time: = 0.028
MEMETIC 10 1 false:
 12 4 17 23 25 42 37 44 15 6 11 9 43 28 41 46 19 21 2 1 45 49 38 24 27 35 39 0 7 32 34 13 5 8 16 30 22 14 18 10 31 26 36 48 20 33 47 3 29 40
Cost: 495245642
correct Solution: 1

Time Total: = 2.608
