DATA: ./bin/data/tai60a.dat
NumThreads: 4
Size:60
Time: = 0.025
BMB solution:
 3 37 48 57 26 40 12 18 35 16 17 10 38 15 43 20 34 7 30 11 13 50 56 58 27 24 44 49 8 14 4 2 46 22 45 9 28 29 32 42 21 53 0 36 6 52 54 25 59 41 23 5 47 51 55 1 39 31 19 33
Coste: 7564534
correct Solution: 1

Time: = 0.025
ES solution:
 29 42 13 34 17 49 57 58 1 39 52 48 28 26 56 16 18 27 3 35 30 53 23 25 54 12 5 45 4 10 9 24 40 46 51 8 59 44 32 36 31 55 22 15 7 20 14 2 33 47 21 37 19 38 50 41 6 0 43 11
Coste: 7579560
correct Solution: 1

Time: = 0.075
ILS solution:
 39 31 44 46 3 55 49 57 23 43 42 27 32 36 4 10 21 7 16 53 0 48 14 58 9 40 59 18 25 26 12 30 6 52 50 2 15 11 56 51 33 17 5 35 13 34 28 19 29 38 24 54 8 22 45 1 41 47 37 20
Coste: 7590114
correct Solution: 1

Time: = 0.623
ILS_ES solution:
 2 11 16 3 19 6 22 52 45 59 32 24 34 28 58 4 56 13 49 46 47 5 26 15 20 44 43 38 35 31 25 53 51 37 23 18 27 40 55 50 57 29 12 36 8 21 7 41 9 42 33 17 39 0 14 10 30 54 48 1
Coste: 7485052
correct Solution: 1

Time: = 1.069
GRASP solution:
 43 2 53 54 13 56 20 55 24 21 3 35 34 33 31 45 39 0 42 27 19 50 40 8 25 26 15 28 17 48 7 5 59 32 36 6 14 44 22 30 4 11 1 47 12 58 16 41 29 52 51 57 23 38 46 9 49 18 10 37
Coste: 7649292
correct Solution: 1

Time Total: = 1.825
