DATA: ./bin/data/tho150.dat
NumThreads: 4
Size:150
Time: = 0.007
Greedy solution:
 72 4 19 37 127 56 77 70 1 83 146 63 16 14 84 141 22 69 52 128 31 67 15 124 132 66 112 9 105 97 123 82 49 51 48 103 57 138 139 121 110 86 26 5 76 126 23 90 107 116 18 62 60 75 7 144 43 81 3 33 25 104 96 10 54 39 149 130 113 89 120 41 108 11 80 119 115 109 143 34 131 47 65 27 79 145 133 30 134 74 148 106 50 125 94 140 0 137 102 29 38 36 91 32 46 20 114 85 55 58 142 88 122 87 93 2 53 78 35 17 6 59 71 24 100 45 12 129 13 147 42 117 68 64 111 101 136 61 28 95 44 99 21 73 92 40 118 98 135 8
Coste: 9514794
correct Solution: 1

Time: = 0.045
Random solution cost: 9859356
LocalSearch initializated with random solution :
 101 30 68 69 52 53 76 95 79 85 132 63 106 44 105 115 77 109 127 57 21 94 55 99 114 50 56 16 26 148 35 124 145 125 70 122 47 89 144 117 140 87 142 86 4 96 112 1 38 130 116 143 138 15 108 113 11 39 91 6 97 31 19 131 103 34 88 54 121 129 60 93 28 2 3 72 58 40 7 126 90 139 149 146 13 18 12 37 5 82 43 104 27 45 110 65 29 62 75 133 118 120 33 24 64 111 46 147 137 123 107 49 102 67 10 0 42 92 61 141 20 32 66 128 23 59 134 100 78 51 25 73 98 80 84 136 22 74 48 71 36 81 83 41 119 9 135 17 14 8
Cost: 8594290
iterations: 22500
correct Solution: 1

Time: = 0.07
LocalSearch initializated with greedy solution :
 14 119 92 115 132 80 122 44 114 86 5 17 26 16 141 127 108 106 56 38 94 142 12 4 77 24 3 34 37 84 76 51 61 50 138 113 133 131 91 144 2 116 13 105 97 146 1 81 54 143 110 57 87 39 79 120 18 69 82 33 49 102 10 31 75 134 67 60 149 27 62 88 15 73 126 22 128 140 23 130 29 139 45 41 11 48 7 42 66 64 72 68 63 52 100 107 99 55 65 145 0 90 9 83 135 32 21 125 58 74 47 137 43 78 93 112 121 129 148 98 19 59 95 70 36 46 109 53 103 89 117 40 124 25 8 136 20 85 111 35 71 104 96 147 28 123 118 30 6 101
Cost: 8386078
iterations: 43200
correct Solution: 1


Time: = 2.917
GenerationalPMX:
 30 28 58 101 124 108 33 63 133 123 5 110 20 57 75 111 86 103 23 109 21 89 142 27 112 61 138 84 77 136 104 72 137 59 71 130 37 38 36 118 140 12 67 10 146 69 141 125 50 8 91 92 88 147 65 143 15 102 99 98 2 70 81 107 53 1 132 117 96 29 62 51 95 106 17 14 115 40 3 79 126 85 134 35 34 127 19 78 90 26 139 114 135 97 120 13 31 48 113 83 54 9 60 149 6 46 87 56 66 25 52 73 105 64 43 76 16 4 128 24 18 47 131 148 7 80 119 45 22 129 93 55 144 49 42 121 0 122 44 11 145 74 41 100 32 116 82 68 39 94
Cost: 9631144
Generations: 2404
correct Solution: 1

Time: = 1.191
GenerationalPosition:
 104 30 143 85 124 47 76 108 49 111 48 2 127 57 9 120 59 40 6 73 11 141 78 129 137 31 92 12 100 51 144 32 23 101 72 60 33 68 43 14 66 91 83 112 130 109 128 135 63 118 34 117 24 4 146 136 80 61 13 19 17 50 53 7 96 71 29 113 26 84 89 87 145 16 133 67 116 28 35 123 46 138 99 82 52 81 142 93 38 132 65 25 54 98 37 77 18 42 102 75 3 8 122 70 94 95 110 115 39 58 10 45 69 62 41 125 88 44 97 64 114 55 107 147 0 140 90 5 36 106 148 56 86 105 1 121 20 134 149 22 139 79 103 15 119 74 27 126 21 131
Cost: 9638726
Generations: 2375
correct Solution: 1

Time: = 1.315
StationaryPMX:
 102 55 84 72 130 115 136 80 70 93 10 71 106 68 16 6 122 119 137 24 57 145 54 36 147 62 49 90 101 97 30 3 98 11 83 27 107 0 75 139 8 85 111 76 141 91 135 77 100 29 134 65 143 47 43 21 50 39 104 108 52 2 26 86 96 89 41 131 25 53 23 81 105 14 87 95 74 38 92 66 69 32 5 1 51 45 34 140 42 19 63 125 82 7 123 142 149 113 112 114 103 13 148 33 128 40 48 133 79 94 67 144 4 60 18 129 59 109 116 46 121 15 132 22 58 88 28 117 138 44 17 61 31 37 118 9 73 127 146 78 99 120 35 12 56 20 124 110 64 126
Cost: 9181494
correct Solution: 1

Time: = 1.943
StationaryPos:
 36 132 47 30 144 83 148 105 112 117 116 41 96 119 51 84 53 25 107 33 31 55 134 120 88 5 46 16 114 43 147 100 26 4 71 15 28 62 126 90 14 52 57 110 29 35 104 130 139 79 135 76 58 10 89 2 91 40 7 93 24 70 20 143 86 61 11 67 85 54 56 102 87 82 81 128 45 118 127 60 32 27 9 65 50 124 21 113 0 94 78 108 3 122 131 74 103 13 12 8 138 39 73 92 23 75 136 109 49 66 34 123 121 48 1 145 146 106 44 69 141 72 17 125 149 133 19 97 68 38 111 77 115 80 59 99 37 64 129 98 140 42 63 101 6 137 18 142 22 95
Cost: 9515620
correct Solution: 1

Time: = 0.107
MEMETIC 10 0.1 false:
 69 104 22 41 125 96 118 31 43 110 9 147 114 64 135 55 109 57 85 87 62 102 28 51 128 42 82 76 112 101 20 83 15 145 88 148 140 79 139 143 116 13 11 23 2 74 66 32 30 100 90 54 29 27 124 49 7 45 53 14 46 78 133 48 131 65 0 60 149 89 1 144 59 44 105 33 50 99 117 103 142 123 39 137 130 93 113 120 134 16 97 40 68 98 121 129 18 75 77 21 138 12 4 25 73 136 108 146 94 58 122 115 36 47 70 107 19 111 24 71 61 119 92 132 38 86 52 67 3 127 34 56 35 26 126 72 95 63 80 81 141 91 10 17 106 5 37 6 8 84
Cost: 8477996
correct Solution: 1

Time: = 0.12
MEMETIC 10 0,1 true:
 78 99 106 33 149 131 83 139 126 127 46 81 95 19 51 1 17 91 92 80 55 133 109 88 43 34 10 63 52 72 89 15 67 107 110 129 29 75 45 130 57 38 108 119 136 53 3 86 27 132 11 134 65 93 143 47 97 20 125 66 6 23 24 2 144 102 39 54 36 71 41 48 68 146 14 40 145 26 103 113 7 147 60 137 116 35 31 142 70 74 117 32 44 9 69 77 49 100 58 96 18 87 94 22 104 82 112 79 120 62 0 128 122 115 138 30 140 50 37 61 148 124 98 64 121 12 56 90 123 13 118 21 85 5 101 105 141 25 4 73 16 135 42 28 76 59 111 114 8 84
Cost: 8564086
correct Solution: 1

Time: = 0.79
MEMETIC 10 1 false:
 66 68 126 58 99 131 31 45 149 134 120 46 4 83 22 8 21 50 63 75 125 38 7 48 78 128 137 11 42 64 84 119 35 56 70 73 145 117 18 57 140 41 55 121 74 146 34 138 94 130 51 88 0 40 77 144 87 113 53 9 95 52 12 108 132 92 65 100 54 102 103 112 129 59 101 37 30 19 122 47 32 1 27 60 142 133 89 16 82 105 98 85 25 106 3 24 69 86 96 79 93 39 28 33 118 97 127 90 81 36 143 43 139 49 62 110 124 116 109 148 141 13 111 115 67 29 23 107 15 44 71 147 2 20 135 72 5 61 136 10 80 17 26 76 6 91 114 14 104 123
Cost: 8494044
correct Solution: 1

Time Total: = 8.539
